14.000 15.000 17.000 17.000 17.000 17.000 16.000 14.000 13.000 12.000 
15.000 17.000 18.000 19.000 19.000 18.000 17.000 16.000 14.000 14.000 
17.000 19.000 20.000 20.000 20.000 20.000 18.000 17.000 16.000 15.000 
20.000 21.000 22.000 22.000 22.000 21.000 19.000 18.000 17.000 17.000 
22.000 23.000 23.000 23.000 23.000 21.000 20.000 19.000 18.000 17.000 
23.000 24.000 24.000 23.000 22.000 21.000 20.000 18.000 18.000 18.000 
23.000 24.000 24.000 23.000 21.000 20.000 19.000 18.000 17.000 18.000 
22.000 23.000 22.000 21.000 20.000 18.000 17.000 17.000 17.000 17.000 
21.000 21.000 21.000 20.000 18.000 17.000 16.000 15.000 16.000 17.000 
19.000 19.000 19.000 18.000 17.000 15.000 15.000 15.000 15.000 16.000 
