21.000 21.000 21.000 20.000 18.000 17.000 16.000 15.000 16.000 17.000 
19.000 19.000 19.000 18.000 17.000 15.000 15.000 15.000 15.000 16.000 
18.000 18.000 18.000 17.000 16.000 15.000 14.000 14.000 15.000 16.000 
17.000 17.000 16.000 15.000 14.000 14.000 14.000 14.000 15.000 16.000 
15.000 15.000 15.000 14.000 13.000 13.000 13.000 14.000 15.000 16.000 
15.000 14.000 14.000 13.000 12.000 12.000 12.000 13.000 14.000 16.000 
14.000 14.000 13.000 12.000 12.000 11.000 12.000 13.000 14.000 16.000 
15.000 14.000 13.000 12.000 11.000 11.000 11.000 12.000 14.000 15.000 
16.000 15.000 13.000 12.000 11.000 10.000 11.000 12.000 14.000 15.000 
17.000 15.000 14.000 12.000 11.000 10.000 11.000 12.000 14.000 15.000 
